PV Version: 1.3
Date: 2022-04-01 03:36:03 PM
Protein directory: acceptors-props/PDBs
Volume probe radius: 0.080A -> 0.020A
Surface probe minimum distance: 0.1A

Protein               Total Volume (A3)      Void Volume       VDW Volume  Packing Density  Time Taken (ms)
10154                           310.187           17.773          292.414            0.943  4059
101763507                       869.179           71.436          797.743            0.918  6801
10441749                        119.080            3.479          115.602            0.971  2909
10684283                        259.781           11.076          248.705            0.957  2761
107126                          232.114           17.889          214.225            0.923  2871
10742                           177.572            6.869          170.703            0.961  3057
10819                           174.733           10.725          164.007            0.939  2945
10922465                        252.679           17.695          234.984            0.930  2575
10955174                        248.937           17.446          231.491            0.930  2584
114840                          262.520           15.601          246.919            0.941  3317
11727234                        263.454            8.373          255.081            0.968  3621
11782                           148.616            5.440          143.176            0.963  2886
11876195                        267.217           18.029          249.188            0.933  2352
122707150                       433.032           37.640          395.392            0.913  4088
122738                          517.746           45.396          472.350            0.912  3622
122850                          249.435           11.628          237.807            0.953  3057
12310492                        325.340           20.284          305.057            0.938  2997
124219                          264.910           12.560          252.350            0.953  3010
12426239                        182.884           11.706          171.178            0.936  2301
1254                            187.463           13.015          174.448            0.931  2385
12820                           166.383            5.676          160.707            0.966  2544
128861                          241.603            8.413          233.190            0.965  2335
12900885                        257.504           22.164          235.339            0.914  2910
129320322                       388.470           24.423          364.047            0.937  3419
129865704                       209.404            7.235          202.168            0.965  3209
135                             123.969            3.995          119.975            0.968  2503
135398625                       478.185           35.971          442.214            0.925  4169
135398627                       485.219           40.956          444.263            0.916  4477
135402013                       479.072           42.542          436.530            0.911  4305
135403798                       484.856           31.541          453.315            0.935  4271
13846689                        271.362           15.372          255.990            0.943  2405
143754                          104.498            3.552          100.945            0.966  2323
14427423                        341.827           22.122          319.705            0.935  2847
1548943                         328.862           20.159          308.703            0.939  3542
1549095                         176.427            6.805          169.621            0.961  2635
155011                          287.383           14.127          273.256            0.951  2551
155240                          189.171           10.515          178.657            0.944  2604
15541                           308.034           22.174          285.861            0.928  3052
16666                           188.221           13.815          174.406            0.927  2401
17100                           182.933           13.796          169.137            0.925  2423
1738                            170.356            8.636          161.720            0.949  2171
174174                          295.546           20.372          275.174            0.931  3151
174375                          289.009           10.599          278.410            0.963  3861
176096                          297.639           17.020          280.619            0.943  3784
18068                           454.199           38.567          415.632            0.915  4621
188297                          250.682           17.684          232.998            0.929  2947
19235                           423.418           32.630          390.788            0.923  4477
21487628                        294.585           18.553          276.033            0.937  4014
21611827                        240.452           11.451          229.001            0.952  2864
21648                           170.426            8.905          161.521            0.948  3002
21722188                        387.428           22.547          364.882            0.942  3835
21932272                        249.448           12.426          237.022            0.950  2856
220295                          195.970            6.466          189.504            0.967  2820
227829                          261.381           21.511          239.870            0.918  3030
23581946                        440.678           38.998          401.680            0.912  4181
238398                          119.067            6.797          112.270            0.943  2252
25056407                        392.655           23.452          369.203            0.940  4368
26945                           564.998           39.702          525.296            0.930  5091
2733787                         351.604           30.788          320.815            0.912  3824
27582                           139.014            5.076          133.938            0.963  2658
285033                          552.466           59.535          492.930            0.892  5152
3001686                         395.822           41.568          354.253            0.895  3960
31211                           200.956           14.084          186.872            0.930  2343
31553                           426.702           28.243          398.458            0.934  3732
32021                           216.335           14.161          202.174            0.935  2288
3314                            170.223            8.764          161.459            0.949  1925
34231                           577.458           39.136          538.322            0.932  4439
3469                            132.944            4.799          128.145            0.964  1742
356759                          332.027           34.405          297.622            0.896  2671
3830                            187.743            7.257          180.486            0.961  2009
398789                          312.703           19.809          292.894            0.937  5333
4133                            141.129            4.851          136.278            0.966  2960
42607887                        240.602           11.858          228.744            0.951  3254
439174                          204.415           14.896          189.519            0.927  3864
439194                           95.836            5.473           90.363            0.943  2505
439378                          178.566           11.847          166.719            0.934  3113
439533                          259.184           14.341          244.843            0.945  3040
439653                          323.822           19.526          304.296            0.940  3572
440735                          248.596           11.141          237.456            0.955  3833
442793                          315.443           21.348          294.095            0.932  4237
443210                          466.603           41.772          424.830            0.910  4871
444539                          142.791            4.295          138.496            0.970  2976
445154                          215.626            8.109          207.517            0.962  4184
445675                          505.926           49.078          456.848            0.903  6684
445858                          177.964            6.291          171.673            0.965  3073
4477                            252.638            8.869          243.768            0.965  3700
448873                          455.392           39.316          416.076            0.914  5486
449093                          205.222            9.085          196.137            0.956  3477
4534                            306.505           19.895          286.611            0.935  4204
45382232                        222.692            8.009          214.683            0.964  4628
4592                            284.167           13.796          270.371            0.951  4816
4788                            251.824           12.086          239.738            0.952  3341
47936                           409.191           33.737          375.455            0.918  3857
4947                            197.510           10.680          186.830            0.946  2719
49852346                        460.481           45.057          415.424            0.902  3988
49852436                        443.176           35.730          407.446            0.919  4198
5013064                         289.523           14.295          275.229            0.951  2526
50591                           123.959            3.477          120.482            0.972  2301
5280343                         246.592            8.843          237.748            0.964  2733
5280371                         163.842            4.126          159.716            0.975  1954
5280441                         378.121           28.063          350.058            0.926  3060
5280443                         229.874            8.012          221.861            0.965  2890
5280445                         237.917            7.944          229.973            0.967  2168
5280448                         248.747            9.153          239.594            0.963  2711
5280460                         166.144            5.402          160.742            0.967  2754
5280535                         149.548            5.041          144.507            0.966  2267
5280567                         156.207            5.198          151.009            0.967  2586
5280633                         315.019           20.217          294.802            0.936  3225
5280863                         237.138            8.069          229.068            0.966  2559
5280896                         269.346           17.588          251.758            0.935  3005
5280961                         229.564            8.036          221.528            0.965  2516
5281166                         230.926           21.835          209.090            0.905  2670
5281222                         241.972            8.283          233.689            0.966  2574
5281343                         147.069            4.488          142.582            0.969  2315
5281416                         148.114            4.503          143.611            0.970  1661
5281426                         139.208            4.081          135.128            0.971  2375
5281605                         228.598            7.046          221.553            0.969  2314
5281614                         239.753            9.066          230.687            0.962  2691
5281628                         258.021           10.531          247.491            0.959  2711
5281647                         348.209           18.673          329.536            0.946  3532
5281656                         208.738            6.772          201.966            0.968  2691
5281708                         221.932            7.962          213.970            0.964  2687
5281718                         355.280           19.145          336.135            0.946  3724
5281787                         273.051           13.203          259.848            0.952  3176
5281811                         259.633           11.886          247.746            0.954  2815
5281855                         225.832            7.010          218.822            0.969  3069
5284507                         269.665           17.986          251.679            0.933  3132
5284649                         230.803            8.371          222.432            0.964  2574
5315892                         139.748            3.984          135.764            0.971  1984
5317284                         267.820           12.031          255.789            0.955  2492
5317700                         214.102           10.373          203.729            0.952  2667
5318517                         362.252           30.232          332.020            0.917  3043
5318650                         241.801            8.977          232.824            0.963  2476
5319502                         165.836            5.674          160.162            0.966  2460
5320053                         305.208           14.199          291.009            0.953  3305
5320315                         248.892            9.982          238.911            0.960  2880
5320954                         241.476            9.049          232.427            0.963  2891
5321775                         315.957           16.912          299.045            0.946  3224
53232                           435.353           40.178          395.175            0.908  3474
5327038                         783.723           78.845          704.878            0.899  6841
5328791                         171.080            7.292          163.788            0.957  2067
53297394                        306.251           18.143          288.108            0.941  2798
53377390                        418.475           34.941          383.534            0.917  3315
5337757                         167.861            5.201          162.660            0.969  2184
5338490                         187.602            8.360          179.242            0.955  2015
5354284                         165.076            5.578          159.497            0.966  2016
53628457                        349.294           17.019          332.275            0.951  3811
5366264                         179.481           10.865          168.616            0.939  2101
5375469                         174.201            6.989          167.211            0.960  2364
5379033                         320.369           15.841          304.528            0.951  3203
5379096                         285.973           12.845          273.128            0.955  3272
5388063                         272.286           14.320          257.965            0.947  2662
5398649                         223.548           10.264          213.284            0.954  2192
5413034                         222.225            8.555          213.669            0.962  2622
5464170                         315.522           17.033          298.488            0.946  3210
54679630                        147.733            4.224          143.508            0.971  1795
5484169                         174.312            6.826          167.486            0.961  2402
5793                            161.881           11.785          150.096            0.927  2303
5912039                         244.177           14.130          230.047            0.942  2460
5959                            267.573           18.502          249.071            0.931  2519
6047                            184.735           11.673          173.061            0.937  2235
6072                            404.631           38.047          366.584            0.906  2969
62389                           205.498            6.865          198.633            0.967  2591
6255462                         231.837            8.062          223.774            0.965  2488
6288                            116.910            7.190          109.720            0.938  1789
6293081                         277.063           10.412          266.651            0.962  2809
637540                          151.346            4.539          146.807            0.970  1858
637541                          152.480            5.287          147.192            0.965  2140
637542                          153.367            5.596          147.770            0.964  1674
637566                          185.784           11.694          174.091            0.937  2291
637775                          205.791            7.738          198.053            0.962  3072
6466                            321.767           25.589          296.178            0.920  2619
64685                           173.541           10.677          162.864            0.938  1941
64981                           363.888           24.551          339.337            0.933  3462
65090                           164.759            4.653          160.105            0.972  2349
65126                           342.027           25.867          316.160            0.924  2969
65243                           366.087           27.854          338.232            0.924  2807
6549                            187.320           12.747          174.574            0.932  2075
68073                           149.199            5.645          143.554            0.962  2113
68099                           131.106            4.016          127.090            0.969  2053
681                             153.544            8.103          145.442            0.947  1983
68146761                        244.462           12.390          232.072            0.949  2567
68213                           225.355           10.119          215.236            0.955  2340
68289                           119.577            3.286          116.290            0.973  1717
689043                          161.436            5.932          155.505            0.963  1654
689075                          179.735            6.620          173.115            0.963  2081
689111                          223.011            9.604          213.407            0.957  2119
69867                           143.799            4.600          139.199            0.968  1878
6989                            166.300            8.397          157.903            0.950  2400
7009598                         248.899           20.255          228.644            0.919  2623
7015695                         227.278           19.542          207.736            0.914  2677
7041                            147.774            5.009          142.766            0.966  1804
7043                            139.355            4.716          134.640            0.966  1994
70775                           152.563            7.700          144.863            0.950  1665
7172                            171.814            9.262          162.552            0.946  2303
72                              133.000            4.691          128.309            0.965  1898
72276                           254.674           11.659          243.015            0.954  2461
72303                           277.026           17.527          259.499            0.937  3078
7257                            127.371            4.530          122.841            0.964  2209
72936                           438.389           47.209          391.181            0.892  3261
73399                           335.360           19.440          315.920            0.942  2847
73412                           522.463           42.627          479.836            0.918  4012
73571                           258.955           12.431          246.525            0.952  2681
77093                           207.136            8.848          198.288            0.957  2438
780                             149.886            5.826          144.060            0.961  2278
79064                           371.396           38.123          333.273            0.897  3513
79964                           135.039            5.129          129.910            0.962  2002
802                             164.406            7.999          156.406            0.951  2201
83651                           133.122            4.996          128.126            0.962  2146
8434                            159.917            6.306          153.611            0.961  2526
854026                          244.498           15.469          229.029            0.937  2335
8629                            457.789           40.927          416.862            0.911  3871
8635                            145.038            5.279          139.759            0.964  2128
90120509                        240.531           19.689          220.842            0.918  2648
9064                            256.392           13.335          243.057            0.948  3193
90657995                        259.301           13.162          246.139            0.949  2844
91469                           229.630           10.638          218.992            0.954  2724
92109                           318.770           24.738          294.032            0.922  2734
92180                           196.555            8.162          188.393            0.958  2163
931                             129.416            2.899          126.517            0.978  2039
932                             239.822           10.274          229.548            0.957  2530
9883304                         255.158            8.294          246.863            0.967  2684
99514                           333.987           25.507          308.480            0.924  3124
